9.026291451741224492e+00 9.026291451741224492e+00 9.026291451741224492e+00 9.026291451741224492e+00 9.026291451741224492e+00 9.026291451741224492e+00 9.026291451741224492e+00 9.026291451741224492e+00 9.026291451741224492e+00 9.026291451741224492e+00 9.026291451741224492e+00 9.026291451741224492e+00 9.026291451741224492e+00 9.026291451741224492e+00 9.026291451741224492e+00 9.026291451741224492e+00 9.026291451741224492e+00 9.026291451741224492e+00 9.026291451741224492e+00 9.026291451741224492e+00
9.082759511883534032e+00 9.077644954563339752e+00 9.104749878630805426e+00 9.108778647735816136e+00 9.097614147126703799e+00 9.171947072121445999e+00 9.094768719146710367e+00 9.092353319000293865e+00 9.079699583414905462e+00 9.064935176209129253e+00 9.082398811185129262e+00 9.133284764376870868e+00 9.115289579941297404e+00 9.071662122248616456e+00 9.070801677071756330e+00 9.152992914155277049e+00 9.079953948667222718e+00 9.084138360058734207e+00 9.149114337978955902e+00 9.087659813739559667e+00
9.562829563919157394e+00 9.691666862397594784e+00 9.757824544711185766e+00 9.484648108005851341e+00 9.412723567320814055e+00 9.720737239840005373e+00 9.629200677717532741e+00 9.640488757498566486e+00 9.649841183687726698e+00 9.555407005006781418e+00 9.577106563584452559e+00 9.801419770583580160e+00 9.629842238013852196e+00 9.387392285746022580e+00 9.373363869964807193e+00 9.694050687415572298e+00 9.650191616430467079e+00 9.617796349087237573e+00 9.666618106799180765e+00 9.458118951666648400e+00
1.051156110868149085e+01 1.066932793708299343e+01 1.097252020952881679e+01 1.093000801452570236e+01 1.028368012508864027e+01 1.049261529326602727e+01 1.059920926756408122e+01 1.055031772282860025e+01 1.074607696996931239e+01 9.796173115786505292e+00 1.053365407788004404e+01 1.093287855055730162e+01 1.069054424615728394e+01 1.030458891279558920e+01 9.920837939323385868e+00 1.046779760907833001e+01 1.073417483921370597e+01 1.167558128680728657e+01 1.086310292507592656e+01 1.039366452994492285e+01
1.064803272137062606e+01 1.184654214436658393e+01 1.118830109026143838e+01 1.140094548131371610e+01 1.118508967560011236e+01 1.106721030757877067e+01 1.140992901586449548e+01 1.082330428326212335e+01 1.057316869930520475e+01 1.052310604510432768e+01 1.085696167150749147e+01 1.171229834968535855e+01 1.036439658447207535e+01 1.057094189861628308e+01 1.072619530217633788e+01 1.183529628051911153e+01 1.152209175134746744e+01 1.074764795391310557e+01 1.059662920948900044e+01 1.070670806112697093e+01
1.113264097418245058e+01 1.067020000689826098e+01 1.129551003565577183e+01 1.081423845726703625e+01 1.136885557916375866e+01 1.065954336253313883e+01 1.077660600614314923e+01 1.032291128032421135e+01 1.008529321916205035e+01 1.029653598382734714e+01 1.076900137765890975e+01 1.107356388760884514e+01 9.772240736313053233e+00 1.037186004576735598e+01 1.124752978404842629e+01 1.049874830144502802e+01 1.179625781626581649e+01 1.076453693201013806e+01 1.033385863154629725e+01 1.034542634247607040e+01
9.436999665711224949e+00 1.002596365045112314e+01 1.089070345132399353e+01 1.055619322782429315e+01 9.958909833166684322e+00 9.513660152663982572e+00 9.677355288689559742e+00 9.601574773599296009e+00 9.020149817584602658e+00 9.270697053759477058e+00 9.714821595949906907e+00 1.078733457565560805e+01 9.161294465252828090e+00 9.530612254186365817e+00 9.815453503346615705e+00 9.906949922589529223e+00 1.041971446149552349e+01 1.027608126088663631e+01 9.623358287611381456e+00 9.541353297069896655e+00
8.709510481499741275e+00 9.133261739216752773e+00 9.296173569484563970e+00 9.077151087848056576e+00 9.538092130695567050e+00 8.854473135637475067e+00 9.490441476982582003e+00 8.958180377459864729e+00 8.276252871466878602e+00 8.340784986432037584e+00 8.640541606667497376e+00 9.748317999017972468e+00 8.436410211201215148e+00 8.581469201376556555e+00 9.036370164284921458e+00 9.006990042141749697e+00 9.269830692973519248e+00 9.375445228225034455e+00 8.545604088415045041e+00 8.633065212852804038e+00
8.270350447903284774e+00 8.533590432864107456e+00 8.453959786264023890e+00 8.248637873071478666e+00 8.652153734929857620e+00 8.140270538746818829e+00 8.560738013638896859e+00 8.134726108323121707e+00 7.733207150103794447e+00 7.764960206670956211e+00 8.033364158414432410e+00 8.980084510775775186e+00 7.983298703032243537e+00 8.022178724620774304e+00 8.488843877040393338e+00 8.166892237919045172e+00 8.517775239404016929e+00 8.878815028266023646e+00 7.915593981951407621e+00 7.964290505588553337e+00
7.661507340915936659e+00 7.877119534063138140e+00 7.981701623427545300e+00 7.774616715046017923e+00 8.055623771382752096e+00 7.674090389913374111e+00 7.983198015647274381e+00 7.685136484534650592e+00 7.495206345771324941e+00 7.561680810636135064e+00 7.531188325654981419e+00 8.060029305232669472e+00 7.626244316468403284e+00 7.616543051061276159e+00 7.954936658128965554e+00 7.742763758156272047e+00 7.823378350373089596e+00 8.114454676260962174e+00 7.574510387040085391e+00 7.509400454665198232e+00
7.489895568366925716e+00 7.611297775519247466e+00 7.569360972808655497e+00 7.521958338523472953e+00 7.651674796917448340e+00 7.502093158359466329e+00 7.545534346328811814e+00 7.553314078511377261e+00 7.548659869038516490e+00 7.517766287018961435e+00 7.533171212416340801e+00 7.690588947757648342e+00 7.486828515255743000e+00 7.480796316448433458e+00 7.655146066621715484e+00 7.518326298212962833e+00 7.516142403064386635e+00 7.767863776844105672e+00 7.512654033193522984e+00 7.601643186633273430e+00
7.625749843453253796e+00 7.492318651697864595e+00 7.517177946856926418e+00 7.500624588789937874e+00 7.493505642212726414e+00 7.592404113661558540e+00 7.518254306626284134e+00 7.491022074695491639e+00 7.914440831256272624e+00 7.771240024023083670e+00 7.845981568217476720e+00 7.485595915500233843e+00 7.577652315646750125e+00 7.625072384488010613e+00 7.491802356142474473e+00 7.585338775511186959e+00 7.495274244394521723e+00 7.490901217313981952e+00 7.821251617408689683e+00 7.816537623265181978e+00
7.569191351208334417e+00 7.570798826303012596e+00 7.718583486263712601e+00 7.712763482866660247e+00 7.535502168415701085e+00 7.775066310765563315e+00 7.790949476047700273e+00 7.775730743081483709e+00 8.292724300026167228e+00 7.795953010959431495e+00 7.907495731313490595e+00 7.549213297383161603e+00 7.834852136411764256e+00 8.127290037607018292e+00 7.610473285388548170e+00 7.751013100055622829e+00 7.607690506965785637e+00 7.694306558846948363e+00 8.165506197893318330e+00 8.135792474934408602e+00
7.306581391796237668e+00 7.917054256716530958e+00 7.959446898134904913e+00 7.571641264698341978e+00 7.575057680415693717e+00 7.421153881321341572e+00 8.230186918508707095e+00 7.684917256086566617e+00 8.079321834509293865e+00 7.646328428325599447e+00 7.817793264698391198e+00 7.730214381576839600e+00 8.171018575849950949e+00 8.230647600390462060e+00 7.641812143838428106e+00 7.997991448277240067e+00 7.503589592022347432e+00 7.878092039990109541e+00 8.254040521304549571e+00 8.042511022268604037e+00
7.250571707242661645e+00 7.726493630215308883e+00 7.859280093462400529e+00 7.498433249180164850e+00 7.351468851515290837e+00 7.055711576195881740e+00 8.189212734322291354e+00 7.397853385960980077e+00 7.307096073877231923e+00 7.226586085017784100e+00 7.367358917542143004e+00 8.072559429592690350e+00 7.908205284732016338e+00 8.035831275930544138e+00 7.844520131280333430e+00 7.668576999112847403e+00 7.446663418502191156e+00 8.119274310082801094e+00 7.674352464834402809e+00 8.034994707629650179e+00
6.816762644244552583e+00 7.513795770147481790e+00 7.854692136067637165e+00 7.007704102650615496e+00 7.123675890096428986e+00 6.699630658522343296e+00 7.877322174391604648e+00 6.944617262605961017e+00 6.726479465061430574e+00 6.649789365069294078e+00 6.864348781897581020e+00 8.017680171507590714e+00 7.560347755463290298e+00 7.482319002726239177e+00 7.846695329461987889e+00 7.443743807270795543e+00 6.978678368566597179e+00 7.569145804930338173e+00 7.311046371637113239e+00 7.204572263497416529e+00
6.084848313942432974e+00 7.189772241016477494e+00 7.588043852241076692e+00 6.501906990446881807e+00 6.687891586829822543e+00 6.060653915203152664e+00 6.643094536309067877e+00 6.480805389358968327e+00 6.027128464418371578e+00 6.291452343205784281e+00 6.190412409658627269e+00 7.865420546242033240e+00 6.724606422137281214e+00 6.815777653719754525e+00 6.984538807117264270e+00 6.549336784241909015e+00 6.475139349365533370e+00 7.168620624257872720e+00 6.541906814196795317e+00 6.517661389319918008e+00
5.462751855118886724e+00 6.451597886608430699e+00 7.185467842435548036e+00 5.780709705240913543e+00 6.023845072896538255e+00 5.479699338877224157e+00 5.908986084621195900e+00 5.770172835788597965e+00 5.428035166356981911e+00 5.712901253502447041e+00 5.480721072597561694e+00 7.001651776154838913e+00 5.889231285389819881e+00 6.328804242073378106e+00 6.221345686976737177e+00 5.968103721307532084e+00 6.105690407610039117e+00 6.574962386442297912e+00 5.934382672966929562e+00 5.866859654557115888e+00
4.818987601679955546e+00 5.890561568725852126e+00 6.559615331199387001e+00 5.080866596999089602e+00 5.202361172311368520e+00 4.897173623880890503e+00 5.251266048270306186e+00 5.328857600747188172e+00 4.899364772138858015e+00 5.225094263377789261e+00 4.940588860710862562e+00 6.380061582762323269e+00 5.304622891754852354e+00 5.791792248666741472e+00 5.542614181990052735e+00 5.415609672628955984e+00 5.738208281920778475e+00 6.143734037757465849e+00 5.304373292617560409e+00 5.381500763005516497e+00
4.410260197212291011e+00 5.113898380403444577e+00 5.800872028868784724e+00 4.712860908885383893e+00 4.685883014280194381e+00 4.507230282082820061e+00 4.600953321385539141e+00 4.876878233835999055e+00 4.645932703937838859e+00 4.720381393705815221e+00 4.363364954289803421e+00 5.750193922251222389e+00 4.911633236460498431e+00 5.199195948241151832e+00 5.105652519479104257e+00 4.837522995182423458e+00 5.210708181778854531e+00 5.958854075387668203e+00 4.809987636492717655e+00 4.978883171263707830e+00
3.988230227923347027e+00 4.680070919250702843e+00 5.106053812175218809e+00 4.317174336495053666e+00 4.173789407805480245e+00 4.055240112666062657e+00 4.143728907317982824e+00 4.657380903844287268e+00 4.264092245871433207e+00 4.261481093434175804e+00 3.954730498962645502e+00 5.204412061056606476e+00 4.449607840123232627e+00 4.764649590761544040e+00 4.646566123108083701e+00 4.350658237573486353e+00 4.753763573742268989e+00 5.367339996726293805e+00 4.382634249103712243e+00 4.568471786075656738e+00
3.803301217354110975e+00 4.203226441897265353e+00 4.699261735915858829e+00 3.998091007527833973e+00 3.791440157638464648e+00 3.678344321258940397e+00 3.816978232474604216e+00 4.290767702111494941e+00 3.892625921867127303e+00 3.853305969603597614e+00 3.572223336515853553e+00 4.584593812431681847e+00 4.083806040944054416e+00 4.425387393677279846e+00 4.334829617710809657e+00 4.137544326702817798e+00 4.418720545864084137e+00 4.846162817495441644e+00 4.006325019593120373e+00 4.328483640131783439e+00
3.485848047684421580e+00 3.866422109136297358e+00 4.271420092467836938e+00 3.736572570619470124e+00 3.486410603067032987e+00 3.374092272684895644e+00 3.504371949228786587e+00 3.967400867768800410e+00 3.488238446334183784e+00 3.492250154672542184e+00 3.295795817645167602e+00 4.107338812632365332e+00 3.755203156814133525e+00 4.039125692908389631e+00 3.947521383051502131e+00 3.732997069433068305e+00 4.150397352300103648e+00 4.468122488641073531e+00 3.631753879217674008e+00 3.995243075485277462e+00
3.173252775053577501e+00 3.504647452778668182e+00 4.009742142406759413e+00 3.473533254015052307e+00 3.155453956043678954e+00 3.190688385936277349e+00 3.272840195178315259e+00 3.628731400056147915e+00 3.177735277703503503e+00 3.315632379970529175e+00 3.160145391020255712e+00 3.753727867881686553e+00 3.524523352751705474e+00 3.731978394679165589e+00 3.672972377295556257e+00 3.418215589275041655e+00 3.883740274110206059e+00 4.081325836856895428e+00 3.450241730000102258e+00 3.685018414066662640e+00
2.960030519712384844e+00 3.306737364660975231e+00 3.744266169272728373e+00 3.278130445052782616e+00 2.860753469279399219e+00 2.994887278118806062e+00 3.045124693323165932e+00 3.426601844633282656e+00 2.870208962223459448e+00 3.065206266336261365e+00 2.993208077634192499e+00 3.439861652626150956e+00 3.230906016365066691e+00 3.473590112676678388e+00 3.453686631388213524e+00 3.186917105045622201e+00 3.715692848313057794e+00 3.845060122555090665e+00 3.226511909484270468e+00 3.409296066181740414e+00
2.776671178834653197e+00 3.130185138407927337e+00 3.440238347402270414e+00 3.046556703399514010e+00 2.674348450784818976e+00 2.762778236496177708e+00 2.858151404351586322e+00 3.189235586927307686e+00 2.599458257327022181e+00 2.895686627765647447e+00 2.804286510576099900e+00 3.155749625188458030e+00 3.050810257479775522e+00 3.217428690532481816e+00 3.137603758368415985e+00 2.875440980862750795e+00 3.517191509240753966e+00 3.572778516457712161e+00 3.000333540241130414e+00 3.216171854132523045e+00
2.620163670736610495e+00 2.981982089975818262e+00 3.199337688492815523e+00 2.882275685829260858e+00 2.512066756194906603e+00 2.516822982104073958e+00 2.659810794329027228e+00 2.873694297241929707e+00 2.386456686844218744e+00 2.755953738412946663e+00 2.592980883126808411e+00 3.019136577152133682e+00 2.791388408096751927e+00 2.997311088808081614e+00 2.841171778825428262e+00 2.579815489948841911e+00 3.315352835640730689e+00 3.298351955682521375e+00 2.760131675455894218e+00 2.962404237825952524e+00
2.537360944375357530e+00 2.849583556905299631e+00 2.993596172960979018e+00 2.728026511344626037e+00 2.379613228803276748e+00 2.343722869636537975e+00 2.609110666849561611e+00 2.722349194514015913e+00 2.327909948313891420e+00 2.538834641683335391e+00 2.361131727417432380e+00 2.838807282351731409e+00 2.585632530627137715e+00 2.810867093825994978e+00 2.717084231075513667e+00 2.497631021647703786e+00 3.133280151528161195e+00 2.950369270855817128e+00 2.571296689836680027e+00 2.810385390499822833e+00
2.445390134889596112e+00 2.736941218075166660e+00 2.894486223341934839e+00 2.589438267452099929e+00 2.129272244636736033e+00 2.140743319870288541e+00 2.499592192963592474e+00 2.564333062387633255e+00 2.226333247942700488e+00 2.416470198591579077e+00 2.262939725588610784e+00 2.648871466675605024e+00 2.353016488929809746e+00 2.607439571956757796e+00 2.508931061745863556e+00 2.363046329730326356e+00 2.932299403535518767e+00 2.717791019037416156e+00 2.332860145683260722e+00 2.661429530115265507e+00
2.328247068364239336e+00 2.587982206810579555e+00 2.729024484327913225e+00 2.402826410479491415e+00 2.089949857041311532e+00 2.013540941991135647e+00 2.386287315173896584e+00 2.508890549401757930e+00 2.137737841072609335e+00 2.283616690365655177e+00 2.090198870177622847e+00 2.499472782080319089e+00 2.174557459961391714e+00 2.400162936668678082e+00 2.416615087997821210e+00 2.271311865061255819e+00 2.798192090090779516e+00 2.496420633627101093e+00 2.240434874736561000e+00 2.501510084938579404e+00
2.184450957762139378e+00 2.349328016591158974e+00 2.543263706005761904e+00 2.242244166728422528e+00 1.918330057088050600e+00 1.840462772915895329e+00 2.267574177207440478e+00 2.295927468458616616e+00 2.020614373747183556e+00 2.176428876018600800e+00 2.008190733315039722e+00 2.350410843948751438e+00 2.095018003320479050e+00 2.179393154673702426e+00 2.302280806699774196e+00 2.073116832794925202e+00 2.582608956252913757e+00 2.295284122601648491e+00 2.146412081490050028e+00 2.476336171529833763e+00
2.085139990133334731e+00 2.225987293436253012e+00 2.371696976119320510e+00 2.098077985293857584e+00 1.815586224625995060e+00 1.761652571713927085e+00 2.116361950040714479e+00 2.065521801967845406e+00 1.974027204003433678e+00 2.081935449232286572e+00 1.902649947264334340e+00 2.113322198996420376e+00 1.946623925857241977e+00 2.026379600320159291e+00 2.167691872263906916e+00 1.877822196331211835e+00 2.425337434181368934e+00 2.112730196508573854e+00 2.051033765055715552e+00 2.327383950983124450e+00
2.009755082274121918e+00 2.105807136407604307e+00 2.276826393030195739e+00 1.938225142614384167e+00 1.788377249964570259e+00 1.714149989269139862e+00 1.962493506207296790e+00 1.950355429556646758e+00 1.949453181665170121e+00 1.958125504145823426e+00 1.811833052273780220e+00 1.966336093916367211e+00 1.827458818720207434e+00 1.935513381346472217e+00 2.018686056443785848e+00 1.768519143744744948e+00 2.185117286663915692e+00 1.983401921798784606e+00 1.940321877541965279e+00 2.283187185098721095e+00
1.976243306420176316e+00 1.940738410125285585e+00 2.187298392319944274e+00 1.842695363185247182e+00 1.647687513133145654e+00 1.645709323226771659e+00 1.782986297966112410e+00 1.903572916014797611e+00 1.834865076911479154e+00 1.849879249663340497e+00 1.708798054331387428e+00 1.916582161002944984e+00 1.779241775607390164e+00 1.751272511072530236e+00 1.988642139769650541e+00 1.619075510749178548e+00 2.027133124666563369e+00 1.840640133030122527e+00 1.893090743572293455e+00 2.118630847890933477e+00
1.829415462038552542e+00 1.789454639634630695e+00 2.020050889740028666e+00 1.753882320655453464e+00 1.524309725773784319e+00 1.524130731001725136e+00 1.892248761039936777e+00 1.791392027756987915e+00 1.682379494267085329e+00 1.757784703156368700e+00 1.626117316582184502e+00 1.819852227694825242e+00 1.684088347553120535e+00 1.672762044199098908e+00 1.890379101427115405e+00 1.454216994050475442e+00 1.931460991750458600e+00 1.772671201280003661e+00 1.796387007212115972e+00 1.994411769696478265e+00
1.737659908063579506e+00 1.652287388563444814e+00 1.954840411477672291e+00 1.626629873049534103e+00 1.430659831701568629e+00 1.477979836169263095e+00 1.768661347918673465e+00 1.693041413230532477e+00 1.598646783770433677e+00 1.623059213256875077e+00 1.574629713560473654e+00 1.708378251123405800e+00 1.581453225888748149e+00 1.569353825951135928e+00 1.757551219464728920e+00 1.371036804393164887e+00 1.790437497595786409e+00 1.659349048271802518e+00 1.738053501801280598e+00 1.890085499173419725e+00
1.724679058426720202e+00 1.524638849088405301e+00 1.858033254055847960e+00 1.464213718170727319e+00 1.374195273607391465e+00 1.264195100412377926e+00 1.720343435601176640e+00 1.627895013105883359e+00 1.493197524061899317e+00 1.621163013956460563e+00 1.515171944536706228e+00 1.627848436275722843e+00 1.443359305309942942e+00 1.502729794282260611e+00 1.670849339412588064e+00 1.284204515224755205e+00 1.767841042512176442e+00 1.518742473393520864e+00 1.649944872117365291e+00 1.825669539423716570e+00
1.551192631767546626e+00 1.425902487269788299e+00 1.777446067317020706e+00 1.454495896009375677e+00 1.356996873575923246e+00 1.181765303953336232e+00 1.603523922025163806e+00 1.479247123339524572e+00 1.362841748199654868e+00 1.564210516946147767e+00 1.351622643967630877e+00 1.600698223803902476e+00 1.333915414060258486e+00 1.343410213673567721e+00 1.523727237529951761e+00 1.241978366701771419e+00 1.626423131403324396e+00 1.442788167661322563e+00 1.670884285993818885e+00 1.713735718431930621e+00
1.518155756002742995e+00 1.401662397504904067e+00 1.708678936436728968e+00 1.309141131517755685e+00 1.259179511263805562e+00 1.126547650544099666e+00 1.570218219280316241e+00 1.335710590391401054e+00 1.202711247501586866e+00 1.555300264055244908e+00 1.313008815871966384e+00 1.504310717309763401e+00 1.266555427623284658e+00 1.357048820201093520e+00 1.393946029210485493e+00 1.163700507647957627e+00 1.601087212738845356e+00 1.282925937448631037e+00 1.566752067381633973e+00 1.662696898787610289e+00
1.463696338436593525e+00 1.291036613371865371e+00 1.607552988603985655e+00 1.222026211494132486e+00 1.250705466122231213e+00 1.034896204184274859e+00 1.465285662283980272e+00 1.302226772974736102e+00 1.188995125951721299e+00 1.502694328054474004e+00 1.316254367005491810e+00 1.383170863120160687e+00 1.232688575033668243e+00 1.284357564906808635e+00 1.347154701205276472e+00 9.995523244268860186e-01 1.547704780984249906e+00 1.221860622054240286e+00 1.529636871287026079e+00 1.643885976562593498e+00
1.394623196465943016e+00 1.238663842585571162e+00 1.514850527574185257e+00 1.142167932489626780e+00 1.088912686509871053e+00 9.761426546239656554e-01 1.359431626870441834e+00 1.272227544326195670e+00 1.122352639211848579e+00 1.469356930241432213e+00 1.250700637866319687e+00 1.285447984357636075e+00 1.157814842732848959e+00 1.242356466657262848e+00 1.290956008362743157e+00 9.339580719449046553e-01 1.405609043177471040e+00 1.181226170316535873e+00 1.423881797721338938e+00 1.458919590070211214e+00
1.286807892846541179e+00 1.137099393942642145e+00 1.451321559120994031e+00 1.122932425356243158e+00 9.964649969925823969e-01 9.160086308174452130e-01 1.255430473194498520e+00 1.180236586320464687e+00 1.109668720077110704e+00 1.368388960156921019e+00 1.225260332141882236e+00 1.159618596164810889e+00 1.056791057352777008e+00 1.188716252197443035e+00 1.148611147376052743e+00 8.909972661282752338e-01 1.361081218121769520e+00 1.115679136845896036e+00 1.343839328754633744e+00 1.444503968788595438e+00
1.211950795145137594e+00 1.063491814764108812e+00 1.437155298909631229e+00 9.823767372974976375e-01 8.907885830669018956e-01 8.517380745067366643e-01 1.256809521712194622e+00 1.114147919703127876e+00 1.096731295937148909e+00 1.276738938219993402e+00 1.168792341879492325e+00 1.023528979556087570e+00 9.650967725866375080e-01 1.160800743221871212e+00 1.024095339807142846e+00 8.842419260182494689e-01 1.312401448313960772e+00 1.088182654236755198e+00 1.308388837236238444e+00 1.364863844585702202e+00
1.149182713156528646e+00 1.012268785411170713e+00 1.422957343419288145e+00 8.927764572996926828e-01 8.226944568001525182e-01 8.340734779866579851e-01 1.158261275571765170e+00 1.085463746835688692e+00 1.035536646581667553e+00 1.197006067418929343e+00 1.061426186924669279e+00 1.030286680633132779e+00 8.853806594781875594e-01 1.105401982489460311e+00 1.072607007846517524e+00 8.474608608965874534e-01 1.274289011021777274e+00 9.514573275436344346e-01 1.215632534623222849e+00 1.394254553566007360e+00
1.070980372327000607e+00 9.052985516254062892e-01 1.327003522275253866e+00 8.283431459094540150e-01 7.901295632488944953e-01 7.784454841258863222e-01 1.039813535247987364e+00 1.069756219081412718e+00 9.408333332955925998e-01 1.118149161445010753e+00 1.014680435539320413e+00 9.718117773864231035e-01 8.704604935182586045e-01 1.057053829732092387e+00 9.641002681956629683e-01 7.844878315748706754e-01 1.162784783656089838e+00 8.933187497912545849e-01 1.057607550918989503e+00 1.242772606832784232e+00
9.694721948778448617e-01 8.780060435707066624e-01 1.225047734292317836e+00 6.950802594654064137e-01 8.028816687446629352e-01 7.315826123358514232e-01 1.087234638672883280e+00 9.889163229248089104e-01 8.677538170111164240e-01 1.039718056324007822e+00 1.004346796433614353e+00 9.128582481252074388e-01 8.135500990403243815e-01 9.303412493901851432e-01 8.826687727698940833e-01 8.377633494889877852e-01 1.159392031902872544e+00 8.664479847383506073e-01 9.833767004228755049e-01 1.117483352196304347e+00
8.668267236594888736e-01 8.651572134853983131e-01 1.127479373784858074e+00 6.287744809915027933e-01 8.051435557076905836e-01 7.123803761578509919e-01 1.065404680620650746e+00 9.741782179392863839e-01 8.478006100877939488e-01 1.071875575211658882e+00 9.775797176940506095e-01 8.682076302237936583e-01 7.673471440654003883e-01 9.066525156235651917e-01 8.300323448516295777e-01 7.414493110620251626e-01 1.097592591087828806e+00 8.353851300651140566e-01 9.204987663981147872e-01 1.060618679460137326e+00
7.410710073730301106e-01 8.119474245232414233e-01 1.091564092653995122e+00 5.281570432377589164e-01 7.650480643520368718e-01 6.771474310127648666e-01 1.028080046177149987e+00 9.391258275186444848e-01 8.356514158100535328e-01 1.009033857019395741e+00 1.005463163752994271e+00 8.343988539241720126e-01 7.119153745134000344e-01 9.223104903458131387e-01 7.718612658880529276e-01 7.252914720876362242e-01 1.086386740202565315e+00 7.758659140847623537e-01 8.939421547259213119e-01 1.013282109748547377e+00
7.294642236306588812e-01 7.439374493608799099e-01 1.076247495331255077e+00 5.441786815289652024e-01 7.971172934784526154e-01 6.535635199030406239e-01 9.972165240831314392e-01 8.762071204448856898e-01 7.732813162818433783e-01 9.701001125533337266e-01 9.184108593396697051e-01 7.997545143759970943e-01 7.310647068080247113e-01 8.665250924835677937e-01 7.890282505650108025e-01 6.632134404015611606e-01 1.109039686040590000e+00 7.620455246416512063e-01 8.404503089391835990e-01 9.829933920092398525e-01
6.980992051475242155e-01 7.133371314827472442e-01 1.033159887025752344e+00 5.539979547976420227e-01 7.506953521271457763e-01 5.513876595558198090e-01 1.021079007669212446e+00 8.427951124294735807e-01 7.422158108085458172e-01 9.026554509226584200e-01 9.089504730552148137e-01 8.092917851830989662e-01 7.026493256623157491e-01 7.899857585913568903e-01 7.294620084386990166e-01 5.882942616110533596e-01 1.007325656720196472e+00 7.254956450307865623e-01 7.405868237910040452e-01 9.392430698406257772e-01
6.649870210496433565e-01 6.490473300576888871e-01 9.530572112591836342e-01 5.561740682801902258e-01 7.244709349652367347e-01 5.627915090033738243e-01 1.038918728225036947e+00 7.583843991686485264e-01 7.034107193962979565e-01 8.442858268801854971e-01 8.532340740409897206e-01 7.751486583297648725e-01 6.404294411833093559e-01 7.845399411389156752e-01 6.962059606252318789e-01 5.401891018432558589e-01 9.409921904534023218e-01 7.064664813575421976e-01 7.478869181782353825e-01 8.535280629304660138e-01
6.628154041941421992e-01 6.188210546343636542e-01 1.004804063915338830e+00 5.813863207992845394e-01 6.669568400616230353e-01 5.038522694350541231e-01 9.746286287340441001e-01 7.129922982157299582e-01 7.075640592984133725e-01 8.069317712687381627e-01 8.039743097757588997e-01 7.754058864518760252e-01 5.871960147660675311e-01 7.603393302320902158e-01 7.250507897853740724e-01 5.820809728537218453e-01 8.257356406827774942e-01 6.536248057105640275e-01 7.674977307607907528e-01 7.921725759903439634e-01
5.959985416265309865e-01 6.191503546631117461e-01 9.513000342467294868e-01 6.234319158305982045e-01 6.081158767923042774e-01 5.353024613241749163e-01 9.064436986006931818e-01 6.661655949169763558e-01 6.897287945563219669e-01 7.913795845239741666e-01 8.083730742655520496e-01 7.122881550126638484e-01 6.127354011252533761e-01 7.098329505218261559e-01 6.881914397246141624e-01 5.288131076994663227e-01 8.743821741028927619e-01 6.575793096666128212e-01 6.322110724143211735e-01 7.694659479024837934e-01
5.387300734841423688e-01 6.067301290412002723e-01 9.522352627135882708e-01 5.554436390892845132e-01 5.476188598002741381e-01 4.692438855008306819e-01 8.286535001113418675e-01 6.392008826929652665e-01 5.822380505369999515e-01 7.764060491138293774e-01 7.933280571178661367e-01 6.697396240955177937e-01 5.483741842268928801e-01 6.602365600118016431e-01 6.686714804738334017e-01 4.466853332808443655e-01 8.723742551527718936e-01 5.904380773989678088e-01 5.587676070285920726e-01 7.837102532523986254e-01
4.746920777356944954e-01 6.696502551321809049e-01 8.839021470062677910e-01 4.998998430768414325e-01 5.141079072867608124e-01 4.700387108915425327e-01 7.725648961322941766e-01 6.602436953197708958e-01 4.914034386054962900e-01 7.868029241980967203e-01 7.147686012148286583e-01 6.134555174026690150e-01 5.588081605946854102e-01 5.862727648702170669e-01 6.749132678484932590e-01 5.236875697275034103e-01 8.188297459572744241e-01 5.047915347428461041e-01 5.580356188261446082e-01 6.767834514785591171e-01
4.573238004761019382e-01 7.117837932829071956e-01 7.472997851772735789e-01 4.859943368774390371e-01 5.034762113980761900e-01 4.408071492403451419e-01 7.041118244179738195e-01 6.921540509855432788e-01 4.767290039119260192e-01 7.072918897800006821e-01 6.708032872822702330e-01 4.576943928341035694e-01 5.123656436652345159e-01 5.684761986983614124e-01 6.981682175808078261e-01 4.230198597392706983e-01 8.046857121399165758e-01 4.294211742092224893e-01 4.872283969292389716e-01 6.187437710286026737e-01
4.192780796983395231e-01 6.574326509067173196e-01 7.960480251909280991e-01 4.750718778904706174e-01 5.553167269621932522e-01 4.205857860619128252e-01 7.216019125324963923e-01 6.929353694017976739e-01 5.233470006940353914e-01 6.909769584726265235e-01 7.468012497528770943e-01 3.425862560443472815e-01 4.409983996164982267e-01 4.886416319193542801e-01 5.671090430672024452e-01 3.656142348600119329e-01 7.156650170846694525e-01 3.670617341655778576e-01 4.201905907353771230e-01 5.193386910690419578e-01
4.541791877726233939e-01 6.320548643553833834e-01 6.785336687145558932e-01 5.000256768125709295e-01 4.777160514912377476e-01 3.724952487030402382e-01 7.139981049799234425e-01 6.298832439354371537e-01 4.508441962611294818e-01 6.207449865196832395e-01 7.680887244113361323e-01 2.977002768157778201e-01 3.764015639243402656e-01 5.295077920235560232e-01 6.032870251912164639e-01 3.601792635915040397e-01 6.121342807333614022e-01 3.864038784173940977e-01 3.384241181158526568e-01 5.057836391163027523e-01
4.042581438807721361e-01 6.149347902150935630e-01 6.614899728403211832e-01 5.355951749651493010e-01 4.841827084924775759e-01 3.783081069726362267e-01 6.918092722428802466e-01 6.471690092810029604e-01 4.404863269328127551e-01 6.373144121428916398e-01 7.254999211999630937e-01 3.180661991414559520e-01 3.121718977024582342e-01 5.578935610405798551e-01 5.790816564361058738e-01 2.747495643957555411e-01 5.167599198608808786e-01 4.074989474171630266e-01 3.272246574503976935e-01 5.723699291355044405e-01
3.302667842451825209e-01 5.999915513068925232e-01 6.491863893607828784e-01 4.636851017388837759e-01 4.934016263755452991e-01 3.601541443634396211e-01 5.822642483018917181e-01 5.775096480461893167e-01 4.405342150566069481e-01 5.981228576511673500e-01 7.731729419028734451e-01 2.895533872700779554e-01 2.998726643964410021e-01 5.444349063857683024e-01 5.371360727471623520e-01 2.906543986567240445e-01 5.334261780467499658e-01 4.289930633396875082e-01 3.189904744480103194e-01 5.477688756167371498e-01
3.680841355473870591e-01 6.146964756831984067e-01 6.634935948130623595e-01 3.930597919509044025e-01 4.358614175298995974e-01 4.059975643472811258e-01 5.545332394956117295e-01 6.035389546685803186e-01 4.265956817918093447e-01 5.898812177961957337e-01 7.059081208451287726e-01 2.691823955321868134e-01 2.313394258762815625e-01 5.240819672793479711e-01 5.279875349691820485e-01 2.426177352789835318e-01 4.593024633736716433e-01 3.401060866896333246e-01 3.105999364470897195e-01 4.996766662606051401e-01
3.468140209822156983e-01 6.030433504729851846e-01 6.236238977035196696e-01 3.450724515382849189e-01 4.036652066358098478e-01 3.623329242341732370e-01 5.719028955971020567e-01 5.014781425873264809e-01 4.120732459625999766e-01 5.088284222882396568e-01 6.337224650737176557e-01 2.463428103296442795e-01 2.862203732570449133e-01 4.977487112176878226e-01 4.925323651846199025e-01 1.981656814442565029e-01 4.573328721142773667e-01 3.628031841007398617e-01 3.347495941758403815e-01 5.294141929583775497e-01
3.814726392935067212e-01 5.712405891956121584e-01 6.006740568690286386e-01 3.320496506413079252e-01 4.268005283857360110e-01 3.429971847705715615e-01 5.131404335448626064e-01 4.003583420311850327e-01 3.738402916537582610e-01 5.035246435785882824e-01 5.964068105305695422e-01 2.528540693205123535e-01 3.024407206944453863e-01 4.493892241776061836e-01 4.442644109331193025e-01 1.516758190160272246e-01 4.502467510562550568e-01 2.921866985593638555e-01 2.879646419371801880e-01 4.798812949483235446e-01
2.785709276001956392e-01 5.964367404004577988e-01 5.794983418884500637e-01 2.914694609109274581e-01 4.178939031709555940e-01 2.626070427259832862e-01 4.787685851170495610e-01 3.905868787193194080e-01 3.522766217799200850e-01 4.694632832735735617e-01 6.053803827141498450e-01 2.137843924433396881e-01 2.659040954273284574e-01 4.654041081971671545e-01 4.139896759530904413e-01 2.382736191203230491e-01 3.529690251540167356e-01 2.512554065695553063e-01 2.610877332854686372e-01 4.016673779652611964e-01
2.577164762540107845e-01 5.689641911124641016e-01 5.758942867030982793e-01 2.778562594029855837e-01 3.818516538457420451e-01 2.213298297408260173e-01 5.046108800006676720e-01 4.095055164569750272e-01 3.244494157854696526e-01 4.721434608759285667e-01 5.287701513433438194e-01 2.114361441504137573e-01 3.052606353668089190e-01 4.825184083048050798e-01 4.027971306811846675e-01 2.155776794679366282e-01 3.493729795628915391e-01 1.854210166924094572e-01 2.295475897496587758e-01 3.957621146897983833e-01
2.876018155565678858e-01 5.464262016921986875e-01 5.058025616643259115e-01 3.314466153787215541e-01 2.943941310698647840e-01 1.950317614750089468e-01 4.464622304710891276e-01 3.265138562369534481e-01 2.813398183626427129e-01 3.977691350928005409e-01 4.540222704151232191e-01 1.499743311583487948e-01 3.262808681248768883e-01 4.052124305062636545e-01 3.379917488046194629e-01 2.465129637222462922e-01 2.589049180188406352e-01 1.765972836579645655e-01 1.895409238029181487e-01 3.325290771636543741e-01
2.869647378996056930e-01 5.336139288437548034e-01 4.509052207128407264e-01 2.767399878754568388e-01 2.620643524196578089e-01 2.362064904743651217e-01 5.366683916424249690e-01 3.636529268587687103e-01 3.161981597128892818e-01 3.642797634858384592e-01 4.555921878033851180e-01 9.031124814390356637e-02 3.071557290931055118e-01 4.009548506819287650e-01 3.483277804713520998e-01 2.810916796296138997e-01 2.267753342597416399e-01 1.426251223639650734e-01 1.596211739199219770e-01 3.648735449374302942e-01
2.922047412281698620e-01 5.655767580811638107e-01 4.154864961807110402e-01 2.276843562350399641e-01 3.229396700068403181e-01 2.610088181890072856e-01 4.741547679760192979e-01 4.503987263692929011e-01 2.738549791969880354e-01 4.061928746444606331e-01 3.982677156286434372e-01 9.607813152295381631e-02 3.203784737219790846e-01 3.077510817954317579e-01 3.823192007643134160e-01 2.765005149423206965e-01 2.194628180749163548e-01 1.298910994766794280e-01 1.524680291054590631e-01 3.591492011437397713e-01
2.121409659127330705e-01 5.641094286829585469e-01 4.146136515753312546e-01 1.903944683760199763e-01 3.156682422310982394e-01 2.686678744031563704e-01 4.795582225456811454e-01 4.789426058134792497e-01 3.409740386892695652e-01 4.298746604668211568e-01 4.160255596557040914e-01 1.280969641252795166e-01 3.447525574687587135e-01 3.286329950801456512e-01 3.412428049006959174e-01 3.290571975715750330e-01 1.793748995241432054e-01 1.764079058722248933e-02 1.465667312400523448e-01 3.654125473325684492e-01
1.967097677989065041e-01 4.995964242431617519e-01 4.205101334142183345e-01 1.402459373561402156e-01 3.156712048007118687e-01 2.851588914893259386e-01 4.442100134932463473e-01 4.514210983243457376e-01 3.400688112850926426e-01 4.119587708955505523e-01 4.102214679757884563e-01 1.342834619435523680e-01 3.786248999007909566e-01 3.047549143746247635e-01 3.017399473892073969e-01 2.716451349936497839e-01 1.538470079924588174e-01 1.008112252255893571e-01 1.702822183070551165e-01 4.321482474653110528e-01
1.837943638814050484e-01 4.494387511295082072e-01 4.365717095787450264e-01 1.178754333080890976e-01 2.329419574633623813e-01 3.246819019818926177e-01 4.147883950743198045e-01 4.508236920372623580e-01 3.959951835915420659e-01 3.262849851572616200e-01 4.093072926849116722e-01 1.283778607095745206e-01 3.325605816464616282e-01 3.284440811672930671e-01 3.461847962511450660e-01 2.650269835821148501e-01 1.469330841277743382e-01 1.396137840280818609e-01 1.852500330043365673e-01 4.002958247984571560e-01
1.744552653852571300e-01 4.837655064141308525e-01 3.794116560239589875e-01 1.728714761848776094e-01 1.914972811903851158e-01 3.424939382876816540e-01 3.549955090283821169e-01 4.040714408698958815e-01 3.951558789554218132e-01 2.411889627400310987e-01 3.763241770853122392e-01 1.520690647220217795e-01 3.192357716727103334e-01 3.023245859780159250e-01 2.564110546894799447e-01 2.555060016651866661e-01 1.703199315311629547e-01 1.228635125837711228e-01 1.061054525385965175e-01 4.330593371463604124e-01
1.417564831311854401e-01 4.945470281377555288e-01 3.244895886778962901e-01 1.457549830758560483e-01 1.898244349657365049e-01 3.552805764309071024e-01 3.297267865379162055e-01 3.610510530610264168e-01 3.949778551938435411e-01 1.907674611399304276e-01 3.376838261988640011e-01 1.616182042582583744e-01 3.428901016312199124e-01 3.531544603030500329e-01 1.884467357689714462e-01 2.421150698497908094e-01 1.530407003593558246e-01 1.709466969020725924e-01 2.081728672913726319e-01 4.246382518339444911e-01
1.184119760313064179e-01 5.130225940949271202e-01 3.083456779806292292e-01 2.181990555392349374e-01 1.247262706826767487e-01 2.796492127284276319e-01 2.703183756949800176e-01 3.453574772050579389e-01 3.659800264525360780e-01 2.123956490985223211e-01 3.639628411011891496e-01 1.869131342030090348e-01 3.457045451437770200e-01 2.906094414172633034e-01 2.279355067909822619e-01 1.967908979521822976e-01 1.430629132535463643e-01 1.778674995834323980e-01 2.250441896221376248e-01 4.531493312193355383e-01
1.183473564803038253e-01 4.897128868659191281e-01 2.957232841618064323e-01 2.394120735866989147e-01 1.350891484667314513e-01 1.912795693952418219e-01 2.759023509843007149e-01 2.738799806673217208e-01 3.748410816452125149e-01 2.219220628920897109e-01 3.504313379728047351e-01 1.440372818939190946e-01 2.727432260892710958e-01 2.408514643896305374e-01 1.843370419324058818e-01 1.085232079003105032e-01 1.640029394120537387e-01 2.498218304802199141e-01 2.185179530891464827e-01 4.787652009006376774e-01
1.219646098089678526e-01 4.077781513397800150e-01 2.982743032447617848e-01 2.236241352242600011e-01 1.260247071502241800e-01 1.690377548877293745e-01 2.801942242055170396e-01 2.451946894122585818e-01 2.961359799503324730e-01 2.563490318897663767e-01 3.653709914430127714e-01 1.437990748491854709e-01 2.449964231907095225e-01 3.099399825688417542e-01 2.302170521996133867e-01 7.849058926409989423e-02 1.189422304318532991e-01 2.372769460314314294e-01 1.886323578096270048e-01 4.740563051291647456e-01
1.904511632645846941e-01 3.794900266721011328e-01 3.036538652568404051e-01 2.028467809949822398e-01 8.110805623273274756e-02 1.664449051821988990e-01 2.618461877547909045e-01 2.403858904605290780e-01 2.388572268160536749e-01 2.218290173080580685e-01 3.934147395056784569e-01 1.295038631091064429e-01 2.440610187877388648e-01 2.909470601207994611e-01 1.696764258976063144e-01 7.201277611766079834e-02 9.952164920650065361e-02 2.271450407652275127e-01 1.782963665237023154e-01 4.246658689535865450e-01
2.036446384157122869e-01 3.563821629180594641e-01 3.847509562428099716e-01 2.356314576528896754e-01 5.140089543802792149e-02 1.891358240432649551e-01 3.053287240126820179e-01 2.232155800907601739e-01 2.151703698156915978e-01 2.368612217335880343e-01 3.225716439930263468e-01 7.199783913293195114e-02 2.177787564082464822e-01 2.761544865988957986e-01 1.893457315529996632e-01 6.861720069533179533e-02 1.363841854097657125e-01 2.024139840636032805e-01 1.768138573724889195e-01 4.421508779353747198e-01
1.550545473213759406e-01 3.548443738694919136e-01 4.023101572753132738e-01 2.211293200849804574e-01 8.851564738459109793e-02 2.041153437810006854e-01 2.772270973301321773e-01 2.138183806829410116e-01 2.743675678723233591e-01 1.882546692548780765e-01 3.416718947648705873e-01 3.478204637074796407e-02 1.558693930090574165e-01 2.640342315620562985e-01 1.847102966731933582e-01 5.597979813484679074e-02 1.116536071217704151e-01 2.075879399054807728e-01 1.323880604122848192e-01 3.576895523593219273e-01
1.527189182354943553e-01 3.693861602484451723e-01 4.318625359818558662e-01 1.947875026522214448e-01 4.764922115547244597e-02 2.290243799945647918e-01 2.230717290024138155e-01 2.095067629374125495e-01 3.030361665644423774e-01 1.843061806236029887e-01 4.253237918226271397e-01 4.965710436073745432e-02 1.590543348084606234e-01 3.081005492470956231e-01 2.023485821620089886e-01 9.096935716477926037e-02 3.108451371170121991e-02 1.949075166132906434e-01 7.411911393841423557e-02 3.059797276528674059e-01
